2340
6436
9351
4558
3188
3683
314
4681
4633
566
7375
6333
5927
5125
2876
730
8390
9138
1267
3293
9271
5059
2309
6033
5634
2835
8516
7252
7627
859
6578
1532
7871
9946
2808
1879
2643
1289
1930
4289
3140
9096
5786
4272
3814
1002
7187
1325
3227
1777
6491
9030
5098
2030
9644
7280
4126
3317
8924
352
5167
3061
7054
3774
3987
5842
8461
5980
2317
996
8086
7100
7208
6977
153
175
9273
8037
2219
4631
5648
7190
4025
5850
4368
7547
6433
5841
301
5528
7752
9325
2364
1577
9122
78
2042
2011
284
7971
2540
1206
9008
2230
3690
9390
1822
8121
1877
9469
8006
6089
1098
4293
4704
7976
9035
1203
9406
6440
9409
2620
5679
6789
3243
8760
4735
5630
7854
74
8133
7261
7753
4247
2090
4441
8181
1795
2159
4977
5725
8312
3963
832
7521
1663
8227
8071
6873
1146
1043
838
2605
3844
8562
9920
5527
2219
8987
4930
4655
6191
266
1802
1335
745
8336
6851
2202
262
9795
7240
9044
4429
715
1096
8656
4847
9267
1579
533
6663
8756
6708
9031
7294
4655
3908
5684
2170
8914
5962
2808
7229
321
9533
8045
2160
9496
6776
3327
1375
5869
6611
1351
3802
1794
8176
3129
7465
1263
679
2951
7407
4396
7992
7434
3558
2771
4041
6089
4427
1167
32
1348
3832
4432
1814
4107
1181
3050
6495
5351
2490
8252
9158
794
2145
5357
5228
5500
6479
779
8218
906
8234
3010
5401
2833
2329
2098
4487
9389
5455
687
8900
207
5836
5262
7518
9370
9980
4068
1947
4414
4768
5328
461
9154
5238
7197
5289
8200
7542
8540
9609
3647
2948
9126
3114
822
9031
8981
1778
9083
8563
7106
9896
1803
9352
8950
4958
6883
7839
5858
5520
2410
8832
3803
6138
2905
2549
6246
7595
5131
6809
6286
1846
6914
1078
5252
7259
6710
2148
6695
339
998
2290
2864
5851
7661
5432
8657
9802
6287
2239
8405
361
1684
3020
7198
4815
9145
2988
208
8273
2784
1386
6646
2273
2276
5259
2981
725
4100
1691
8247
4735
1143
5518
4521
120
5967
7952
8476
7473
3891
6443
1307
2891
8403
5924
162
3893
3879
436
8113
3721
1939
8422
7554
9612
5643
590
3574
2402
2450
7932
5702
4596
3991
3670
9218
6165
8499
7077
8848
1193
4511
2735
4381
6340
78
3754
3869
6351
5096
9087
6845
3663
3577
4525
2795
2720
7963
4908
4477
5377
4377
6074
5022
5958
741
6710
8900
4733
6706
3996
5394
6801
1588
6920
9210
9204
4041
1213
9534
1888
6720
7222
7305
3362
1087
2038
1019
9465
874
6497
8201
3590
2600
3471
6815
8437
7713
8422
5599
3368
4854
9136
9645
1099
3692
44
2075
6656
5315
3591
8679
6749
5374
2589
8656
7154
8768
1659
4871
8702
5691
9434
3858
208
5795
1804
4201
8117
104
772
1490
5618
5614
6166
7033
7584
7577
6205
9669
1043
9963
4362
4150
7283
7818
1451
8216
11
4814
9661
9669
6053
3550
6897
7677
5420
5277
9437
5304
1888
5843
3957
6551
4543
2100
3061
1135
9208
5555
1071
9577
2562
1989
3828
8738
1328
5284
6575
2390
4343
3587
4189
3302
443
1103
5436
2067
8717
8489
1613
2306
8140
901
7781
5199
6005
7811
9606
5182
4757
316
9008
4456
3743
84
7106
4064
9721
8158
6348
136
8702
7046
961
8300
1653
655
6108
3439
6663
993
2418
718
3941
8764
1436
1661
4208
8628
2732
3516
5677
1392
7633
4026
4579
9733
9559
358
3996
1372
2345
558
2140
1477
3604
1093
9940
9480
3546
5350
1703
6167
8518
3763
7898
8289
514
4978
8647
5445
9856
1093
5426
2832
4458
7309
9413
6934
3721
1920
1096
5749
9443
5291
8647
1859
8578
2464
5160
343
1721
4727
5082
7381
1813
9510
2873
3869
6128
6289
9218
4580
1711
8550
1515
1252
5132
9308
7018
6294
1679
3005
5758
1626
4254
5953
6723
3227
5115
6038
9710
8049
9817
8303
3724
5128
6010
8044
1018
4948
4435
5544
806
7431
2701
6515
4037
892
3775
7395
6727
9270
5445
8865
8664
8715
8969
3456
3127
5859
2786
9646
8753
89
6579
1168
4762
3407
4825
6387
5241
7088
8289
2070
1858
6135
2199
8326
8924
7738
1916
5830
9451
7720
9311
439
2604
951
9639
5009
6159
2554
4916
5158
2161
4788
6791
716
852
1532
1752
629
6067
7388
2153
9639
981
3375
7007
2529
6516
642
4531
5389
3943
6956
195
1032
778
6139
8564
3810
3768
9816
228
2687
2171
3130
9908
7069
9343
1483
7474
7392
5985
1286
9763
2063
5567
9671
9458
9228
3944
7110
8492
5516
8022
9527
1214
5205
4593
5758
9937
4712
2968
7941
6861
6250
7159
9466
7467
7850
3467
9937
3185
5033
3168
7139
9403
2657
7192
8132
5465
1106
6680
9335
9866
6658
1323
4711
4664
2644
1915
4703
2476
3585
1545
2761
4424
8043
4424
3513
4903
6100
2204
1608
5761
4007
3924
3459
2348
883
123
8557
8012
6461
293
8830
8032
3632
8075
203
4926
2447
4802
4822
5934
8764
7461
9599
3487
406
2715
1359
8232
3679
3228
9364
8902
5072
3574
5858
2733
7864
2363
3780
2521
3358
6690
6014
3292
2714
4729
791
9968
4221
8586
2455
1298
7381
5673
6997
6546
4324
9971
1941
8167
8763
324
4332
3233
928
9927
2959
57
2217
7469
7062
84
1021
2301
2576
2073
1446
6307
772
5677
1923
1391
4010
5092
772
8065
1521
9398
6577
9311
8408
7892
421
5612
3757
3033
2358
2781
2363
2786
1769
734
7750
6752
1524
2370
277
5079
3097
4924
5100
8017
9199
6264
6244
7372
6313
9239
2460
2862
8406
3560
3480
2905
9061
9169
9663
5408
8544
9542
9715
8665
3943
7986
3907
1188
3641
7258
3568
8401
7788
6441
6300
1653
4211
391
8693
4156
9368
6385
6719
3118
321
9501
4380
8208
7254
4845
7690
2354
2707
4868
6534
3555
5208
6435
4073
1212
2356
5055
3731
9054
5671
4058
